EUR/USD	1,0865	1,0869	1,0868	1,0856	+0,0012	+0,11%	20:26:04
GBP/USD	1,2275	1,2277	1,2280	1,2262	+0,0012	+0,10%	20:26:08
USD/JPY	131,19	131,20	131,49	131,16	-0,25	-0,19%	20:26:09
USD/CHF	0,9168	0,9172	0,9179	0,9168	-0,0006	-0,07%	20:26:13
AUD/USD	0,6693	0,6694	0,6698	0,6680	+0,0012	+0,17%	20:26:04
USD/CAD	1,3718	1,3722	1,3735	1,3720	-0,0007	-0,05%	20:26:15
NZD/USD	0,6227	0,6231	0,6233	0,6213	+0,0009	+0,14%	20:26:05
USD/ZAR	18,2117	18,2384	18,2750	18,2039	+0,0013	+0,01%	20:25:33
USD/TRY	19,0357	19,0583	19,0838	18,9486	+0,0099	+0,05%	20:26:09
USD/MXN	18,6129	18,6234	18,6365	18,6068	+0,0122	+0,07%	20:26:11
USD/PLN	4,3099	4,3134	4,3187	4,3105	-0,0062	-0,14%	20:26:20
USD/SEK	10,2974	10,3066	10,3306	10,2912	-0,0048	-0,05%	20:26:13
USD/SGD	1,3296	1,3301	1,3310	1,3297	-0,0009	-0,06%	20:26:13
USD/DKK	6,8518	6,8519	6,8593	6,8512	-0,0068	-0,10%	20:26:08
USD/NOK	10,4356	10,4565	10,4690	10,3950	-0,0114	-0,11%	20:26:17
USD/ILS	3,6216	3,6255	3,6274	3,6235	+0,0008	+0,02%	20:15:35
USD/HUF	356,05	356,75	357,20	356,32	-0,17	-0,05%	20:26:19
USD/CZK	21,7960	21,8370	21,8580	21,8155	-0,0015	-0,01%	20:26:12
USD/THB	34,180	34,200	34,260	34,185	-0,060	-0,18%	20:25:30
USD/AED	3,6722	3,6732	3,6730	3,6724	+0,0005	+0,01%	20:05:53
USD/JOD	0,7087	0,7100	0,7099	0,7089	+0,0007	+0,09%	20:24:32
USD/KWD	0,3062	0,3063	0,3063	0,3061	0,0000	0,00%	20:26:08
USD/HKD	7,8467	7,8468	7,8473	7,8464	-0,0004	-0,00%	20:26:08
USD/SAR	3,7517	3,7617	3,7582	3,7560	+0,0004	+0,01%	20:26:20
USD/INR	82,525	82,526	82,729	82,505	+0,020	+0,02%	20:26:20
USD/KRW	1.296,70	1.298,70	1.298,87	1.296,41	-1,00	-0,08%	20:26:12
BRL/USD	0,1908	0,1909	0,1921	0,1894	+0,0002	+0,12%	20:26:06
CAD/USD	0,7288	0,7290	0,7289	0,7280	+0,0006	+0,08%	20:26:11
CHF/USD	1,0905	1,0906	1,0908	1,0893	+0,0009	+0,08%	20:26:00
FJD/USD	0,4441	0,4511	0,4525	0,4476	+0,0011	+0,25%	20:26:07
GHS/USD	0,0794	0,0826	0,0826	0,0810	+0,0016	+2,02%	18:00:04
JPY/USD	0,762200	0,762300	0,762450	0,760550	+0,001650	+0,22%	20:26:09
KYD/USD	1,1976	1,2121	1,2121	1,2048	+0,0073	+0,61%	20:24:31
SGD/USD	0,7518	0,7521	0,7521	0,7513	+0,0008	+0,10%	20:26:11
USD/ALL	105,450	106,150	106,150	105,750	+0,100	+0,09%	18:00:04
USD/AMD	387,17	389,17	389,90	388,17	+0,82	+0,21%	18:56:34
USD/ANG	1,7845	1,8200	1,8023	1,8023	+0,0000	+0,00%	20:24:30
USD/ARS	205,3600	205,3800	205,4200	204,9250	+0,3600	+0,18%	18:00:04
USD/AUD	1,4939	1,4941	1,4968	1,4929	-0,0019	-0,13%	20:26:12
USD/BBD	1,9981	2,0401	2,0191	2,0036	+0,0210	+1,05%	18:56:17
USD/BDT	105,060	105,160	107,600	105,110	-1,400	-1,31%	18:00:04
USD/BGN	1,7994	1,8002	1,8017	1,7996	-0,0015	-0,08%	20:26:11
USD/BHD	0,3771	0,3773	0,3772	0,3770	+0,0004	+0,09%	20:22:22
USD/BIF	2.059,70	2.100,00	2.079,85	2.076,09	+20,15	+0,98%	20:24:31
USD/BND	1,3296	1,3301	1,3310	1,3297	-0,0009	-0,06%	20:26:11
USD/BOB	6,8500	7,0000	6,9350	6,9100	+0,0650	+0,95%	18:56:25
USD/BRL	5,2369	5,2374	5,2388	5,2372	+0,0003	+0,00%	20:26:01
USD/BSD	0,9930	1,0061	1,0000	1,0000	0,0000	0,00%	18:00:04
USD/BWP	13,1579	13,2626	13,3068	13,2100	-0,0700	-0,53%	18:00:04
USD/BZD	1,9982	2,0332	2,0157	2,0050	+0,0175	+0,88%	18:56:35
USD/CLP	810,41	811,08	823,30	807,55	-11,70	-1,42%	20:15:37
USD/CNY	6,8797	6,8817	6,8935	6,8776	-0,0038	-0,06%	20:26:12
USD/COP	4.771,25	4.774,75	4.813,43	4.760,00	+3,40	+0,07%	20:26:14
USD/CRC	538,65	540,80	541,76	539,72	+1,08	+0,20%	20:24:33
USD/CUP	23,9614	24,0173	23,9893	23,9893	-0,0107	-0,04%	18:00:04
USD/DJF	177,55	178,55	178,05	178,02	+0,50	+0,28%	20:24:35
USD/DOP	54,610	55,090	54,850	54,760	+0,250	+0,46%	18:56:31
USD/DZD	135,463	136,053	135,758	135,400	+0,296	+0,22%	20:26:05
USD/EGP	30,8500	30,9500	30,9499	30,8000	+0,0500	+0,16%	18:00:04
USD/ETB	53,8456	53,8503	54,1099	53,8479	+0,0024	+0,00%	20:24:32
USD/EUR	0,9200	0,9204	0,9212	0,9201	-0,0007	-0,08%	20:25:59
USD/FJD	2,2168	2,2517	2,2343	2,2102	+0,0495	+2,26%	20:26:07
USD/GBP	0,8146	0,8147	0,8156	0,8144	-0,0005	-0,06%	20:26:08
USD/GEL	2,5450	2,5800	2,5752	2,5625	+0,0175	+0,69%	18:56:24
USD/GHS	12,1000	12,6000	12,3500	12,1005	+0,3500	+2,92%	18:00:04
USD/GMD	62,3000	65,0000	63,6500	63,1000	+1,3500	+2,17%	20:24:31
USD/GNF	8.523,00	8.685,00	8.604,00	8.553,00	+81,00	+0,95%	20:24:31
USD/GTQ	7,7880	7,8100	7,8045	7,7990	+0,0110	+0,14%	20:24:33
USD/HNL	24,5272	24,8000	24,6636	24,5960	+0,1364	+0,56%	20:24:34
USD/HTG	153,337	156,669	155,003	154,811	+1,889	+1,23%	18:00:04
USD/IDR	15.340,0	15.350,0	15.360,0	15.334,0	5,0	0,03%	18:00:04
USD/IQD	1.458,50	1.460,50	1.459,52	1.459,50	+0,98	+0,07%	18:56:22
USD/IRR	42.025,00	42.525,00	42.002,50	42.002,50	0,00	0,00%	18:00:04
USD/ISK	137,780	138,100	138,080	137,925	+0,020	+0,01%	20:26:07
USD/JMD	150,240	151,720	150,980	150,825	+1,060	+0,71%	18:10:05
USD/KES	130,800	131,000	131,100	130,300	+0,500	+0,38%	18:00:04
USD/KHR	4.051,00	4.071,00	4.061,00	4.056,00	+15,00	+0,37%	18:56:30
USD/KMF	456,110	458,110	457,580	457,110	+0,530	+0,12%	18:56:41
USD/KZT	464,090	464,730	465,160	458,100	+6,470	+1,41%	18:00:04
USD/LAK	16.789,10	17.001,60	16.895,35	16.872,50	+120,05	+0,72%	18:00:04
USD/LBP	15.000,00	15.020,00	15.010,00	15.010,00	+0,00	+0,00%	18:56:30
USD/LKR	319,500	322,500	321,500	312,500	+1,000	+0,31%	18:00:04
USD/LSL	18,2033	18,2315	18,2788	18,2117	-0,0514	-0,28%	20:21:48
USD/LYD	4,7810	4,8033	4,7971	4,7922	+0,0063	+0,13%	18:56:21
USD/MAD	10,2380	10,2430	10,2488	10,2400	-0,0043	-0,04%	20:26:03
USD/MDL	18,5015	18,6015	18,6150	18,5515	+0,0200	+0,11%	18:56:19
USD/MGA	4.222,00	4.300,00	4.313,90	4.261,00	-38,40	-0,89%	20:06:24
USD/MKD	56,980	57,200	57,270	57,050	-0,020	-0,04%	18:00:04
USD/MMK	2.093,700	2.106,300	2.100,000	2.099,110	+6,300	+0,30%	18:00:04
USD/MOP	8,0820	8,0940	8,0890	8,0860	+0,0050	+0,06%	20:26:09
USD/MRO	34,240	34,600	34,430	34,420	+0,180	+0,53%	18:56:39
USD/MUR	46,350	46,650	46,800	46,500	0,000	0,00%	18:00:04
USD/MVR	15,4200	15,5000	15,4600	15,4500	+0,0400	+0,26%	20:24:33
USD/MWK	1.016,600	1.031,600	1.029,150	1.024,060	+7,540	+0,74%	18:56:18
USD/MYR	4,4520	4,4580	4,4750	4,4530	-0,0150	-0,34%	18:00:04
USD/NAD	18,2070	18,2430	18,2800	18,2040	-0,0370	-0,20%	20:25:34
USD/NGN	459,950	460,950	460,450	460,420	+0,530	+0,12%	18:56:18
USD/NIO	36,1500	37,0000	36,7150	36,5750	+0,4250	+1,18%	20:24:32
USD/NPR	132,230	132,250	132,255	132,240	-0,010	-0,01%	18:00:04
USD/NZD	1,6049	1,6059	1,6095	1,6044	-0,0013	-0,08%	20:25:59
USD/OMR	0,3848	0,3852	0,3851	0,3845	0,0001	0,00%	20:15:03
USD/PAB	0,9763	1,0229	0,9996	0,9996	+0,0000	+0,00%	18:00:04
USD/PEN	3,7544	3,7892	3,7822	3,7647	+0,0127	+0,34%	18:00:04
USD/PGK	3,4072	3,6430	3,5696	3,5251	+0,0261	+0,75%	18:00:04
USD/PHP	54,400	54,420	54,720	54,230	+0,110	+0,20%	18:00:04
USD/PKR	282,720	283,280	284,125	279,500	+1,940	+0,69%	18:00:04
USD/PYG	7.180,30	7.186,56	7.187,69	7.167,61	-1,94	-0,03%	18:00:04
USD/QAR	3,6400	3,6719	3,6722	3,6560	-0,0096	-0,26%	18:00:04
USD/RON	4,5236	4,5285	4,5335	4,5258	0,0001	0,00%	20:26:01
USD/RSD	107,930	108,020	108,095	107,950	-0,075	-0,07%	20:26:03
USD/RUB	77,0575	77,0575	77,0915	76,6600	+0,3975	+0,52%	18:00:04
USD/RWF	1.088,020	1.105,020	1.098,900	1.094,620	+10,400	+0,96%	18:56:23
USD/SCR	13,1333	13,1334	13,9299	13,1334	-0,2092	-1,57%	20:21:32
USD/SDG	565,2502	568,5912	566,9207	566,8207	+1,7705	+0,31%	18:56:23
USD/SOS	565,00	572,00	568,50	568,50	+0,00	+0,00%	18:56:43
USD/STD	22,5411	23,0096	22,7985	22,7754	+0,2113	+0,94%	20:24:33
USD/SVC	8,7495	8,7595	8,7548	8,7509	+0,0047	+0,05%	18:56:39
USD/SYP	2.511,000	2.514,000	2.512,500	2.511,500	+2,500	+0,10%	18:56:21
USD/SZL	18,1961	18,2361	18,2788	18,2117	-0,0587	-0,32%	20:24:35
USD/TND	3,0512	3,0712	3,0789	3,0612	+0,0077	+0,25%	20:19:43
USD/TTD	6,7660	6,8260	6,7960	6,7707	+0,0300	+0,44%	20:24:33
USD/TWD	30,305	30,425	30,395	30,365	+0,039	+0,13%	20:25:30
USD/TZS	2.327,00	2.337,00	2.340,00	2.332,00	-3,00	-0,13%	20:06:30
USD/UAH	36,9200	36,9343	36,9322	36,7450	+0,0072	+0,02%	18:00:04
USD/UGX	3.765,00	3.775,00	3.780,00	3.755,00	+17,50	+0,47%	18:00:04
USD/UYU	38,9500	38,9800	39,2550	38,9150	-0,2750	-0,70%	18:56:30
USD/UZS	11.370,00	11.380,00	11.386,35	11.375,00	+4,95	+0,04%	18:56:19
USD/VES	24,1434	24,2039	24,2112	24,1736	-0,0073	-0,03%	18:00:04
USD/VND	23.515,0	23.535,0	23.585,0	23.495,0	-45,0	-0,19%	18:00:04
USD/VUV	117,000	123,000	120,000	118,070	+3,000	+2,56%	20:26:04
USD/XAF	603,570	631,420	617,800	617,495	+13,315	+2,20%	20:19:07
USD/XCD	2,7000	2,7200	2,7100	2,7050	+0,0100	+0,37%	20:24:33
USD/XOF	605,750	612,750	612,500	609,250	+0,250	+0,04%	18:56:26
USD/XPF	109,470	110,460	110,075	109,965	+0,385	+0,35%	20:24:30
USD/YER	249,950	250,450	250,200	250,085	+0,280	+0,11%	18:56:22
USD/ZMK	20,88	20,93	21,05	20,83	+0,10	+0,49%	18:00:04
AED/USD	0,2722	0,2723	0,2723	0,2723	0,0000	0,01%	20:05:53
ARS/USD	0,00487	0,00487	0,00488	0,00487	-0,00001	-0,19%	18:00:04
CNY/USD	0,1453	0,1454	0,1454	0,1451	0,0001	0,06%	20:02:02
DKK/USD	0,1459	0,1459	0,1465	0,1445	+0,0013	+0,92%	20:25:04
HKD/USD	0,1274	0,1274	0,1275	0,1274	-0,0000	-0,03%	20:25:05
ILS/USD	0,2758	0,2761	0,2765	0,2731	+0,0024	+0,89%	20:16:05
MXN/USD	0,05370	0,05373	0,05439	0,05358	-0,00001	-0,02%	20:26:06
NOK/USD	0,0957	0,0958	0,0966	0,0946	+0,0009	+0,98%	20:25:08
PLN/USD	0,2319	0,2320	0,2330	0,2293	+0,0022	+0,95%	20:25:10
RUB/USD	0,01298	0,01298	0,01304	0,01297	-0,00007	-0,52%	20:00:11
SAR/USD	0,2659	0,2665	0,2663	0,2660	0,0000	0,01%	20:08:08
SEK/USD	0,0970	0,0971	0,0979	0,0964	+0,0004	+0,43%	20:25:11
TRY/USD	0,0524	0,0526	0,0527	0,0523	-0,0000	-0,06%	20:25:12
TWD/USD	0,03287	0,03300	0,03316	0,03275	+0,00015	+0,45%	19:56:11
VES/USD	0,04132	0,04142	0,04130	0,04130	-0,00000	-0,00%	19:54:12
ZAR/USD	0,05484	0,05490	0,05508	0,05384	+0,00100	+1,85%	20:25:14
UYU/USD	0,02565	0,02567	0,02566	0,02547	+0,00019	+0,74%	18:37:13
PYG/USD	0,000139	0,000139	0,000140	0,000139	-0,000000	-0,22%	20:01:11
CLP/USD	0,001233	0,001234	0,001238	0,001215	+0,000018	+1,48%	19:15:15
COP/USD	0,000209	0,000210	0,000210	0,000208	+0,000002	+0,85%	19:01:14
PEN/USD	0,2639	0,2664	0,2656	0,2644	+0,0003	+0,13%	20:02:12
NIO/USD	0,02703	0,02766	0,02734	0,02724	0,00000	0,00%	19:00:16
BOB/USD	0,1429	0,1460	0,1442	0,1442	-0,0004	-0,28%	20:01:11
KRW/USD	0,000770	0,000771	0,000778	0,000763	+0,000003	+0,45%	20:25:14
EGP/USD	0,03231	0,03241	0,03247	0,03231	0,00000	0,00%	20:11:12
USD/BYN	2,5181	2,5311	2,5246	2,5241	+0,0065	+0,26%	18:56:35
USD/MZN	63,23	64,43	64,08	63,35	+0,61	+0,96%	18:56:33
INR/USD	0,01212	0,01212	0,01214	0,01206	+0,00002	+0,18%	20:25:15
JOD/USD	1,4085	1,4110	1,4105	1,4087	+0,0013	+0,09%	20:24:33
KWD/USD	3,2627	3,2687	3,2666	3,2605	+0,0040	+0,12%	20:26:13
USD/AZN	1,6950	1,7050	1,7107	1,7000	+0,0050	+0,30%	20:24:32
USD/CNH	6,8604	6,8605	6,8626	6,8541	-0,0008	-0,01%	20:25:54
USD/KGS	87,4200	87,4200	87,4200	87,4200	+0,0000	+0,00%	20:26:12
USD/TJS	10,8700	10,9400	10,9400	10,9050	-0,0150	-0,14%	18:00:04
USD/RUB	75,9550	77,9550	77,0450	76,9550	-0,0855	-0,11%	18:19:32
USD/BRL PTAX	5,2642	5,2648	5,2645	5,2441	+0,0201	+0,38%	18:00:04
USD/JPY RTS	117,31	117,31	117,31	117,31	0,00	0,00%	18:00:04
USD/CHF RTS	0,9349	0,9349	0,9349	0,9349	+0,0000	+0,00%	18:00:04
MYR/USD	0,2243	0,2246	0,2246	0,2235	+0,0010	+0,45%	18:00:04
UAH/USD	0,02708	0,02709	0,02722	0,02708	-0,00000	0,00%	18:58:12
HUF/USD	0,002803	0,002809	0,002821	0,002748	+0,000037	+1,35%	20:26:13
IDR/USD	0,00006551	0,00006557	0,00006557	0,00006551	0,00000000	0,00%	20:26:14
USD/AOA	502,500	520,000	511,501	511,250	+8,750	+1,74%	20:24:35
VND/USD	0,00004248	0,00004254	0,00004256	0,00004240	+0,00000011	+0,25%	19:11:16
BYN/USD	0,3951	0,3971	0,3962	0,3961	-0,0001	-0,02%	18:59:38
XBR/USD	75,82	75,86	77,18	74,59	+0,56	+0,74%	18:00:04
THB/USD	0,0292	0,0293	0,0293	0,0289	+0,0002	+0,70%	20:22:36
PHP/USD	0,01837560	0,01838235	0,01843998	0,01827485	-0,00003384	-0,18%	19:17:44
USD/TMT	3,4900	3,5000	3,4950	3,4950	+0,0000	+0,00%	18:56:17
USD/RUB TOM	75,9550	77,9550	77,0450	76,9550	-0,0855	-0,11%	18:19:32
USD/BRLT	5,090	5,410	5,300	5,235	-0,020	-0,38%	16:37:00
USD/MNT	3.514,00	3.545,00	3.529,50	3.529,00	+16,50	+0,47%	18:00:04
USD/AFN	86,5700	86,7700	87,1100	86,6700	+0,1000	+0,12%	18:56:34
AFN/USD	0,0115	0,0116	0,0115	0,0115	0,0000	0,11%	18:56:34
SYP/USD	0,0004	0,0004	0,0004	0,0004	0,0000	0,00%	18:56:21
IRR/USD	0,00002352	0,00002380	0,00002366	0,00002366	-0,00000000	-0,02%	19:08:44
IQD/USD	0,000685	0,000686	0,000686	0,000686	0,000000	0,00%	18:56:22
USD/RUB TOD	76,4225	76,4450	247,0000	48,0000	1.059,5000	-89,18%	18:00:04
USD/NGN I/E	365,00	366,00	365,50	365,50	0,00	0,00%	18:00:04
USD/NGN Parallel	357,00	360,00	358,50	358,50	0,00	0,00%	18:00:04
USD/ZWL	914,267	916,097	915,182	914,955	+1,143	+0,13%	18:00:04
CZK/USD